input_0.dat
667 	686 	717 	719 	742 	742 	773 	785 	846 	857 	887 	887 	902 	921 	925 	925 	949 	1007 	1057 	1090 	1117 	1174 	1399 	1471 	1494 	1698 	1804 	1888 	2002 	2189 	2500 	2641 	2643 	2826 	2834 	2878 	3242 	3469 	3512 	3520 	3874 	4314 	4407 	4443 	5014 	5169 	5490 	5807 	5971 	6169 	6602 	7341 	7577 	7638 	7849 	8016 	9341 	10080 	10971 	10991 	12259 	12977 	14008 	14234 	15542 	16763 	18246 	20704 	25183 	25216 	33712 	34693 	34738 	38168 	51000 	65799 	104726 	108975 	109014 	118956 	119179
0.668 	0.737 	0.771 	0.978 	1.034 	1.318 	1.467 	1.604 	1.976 	2.088 	2.238 	2.434 	2.438 	2.455 	2.803 	3.272 	3.298 	3.711 	3.959 	4.576 	4.803 	5.239 	5.317 	5.479 	5.682 	6.306 	6.676 	6.893 	7.193 	7.597 	7.876 	8.756 	9.461 	9.513 	10.638 	10.799 	11.256 	11.344 	11.534 	12.035 	12.049 	12.123 	12.547 	13.488 	14.974 	16.514 	16.816 	19.544 	24.375 	25.006 	25.150 	27.402 	30.065 	34.684 	39.074 	42.138 	42.891 	52.791 	53.414 	63.033 	63.141 	79.685 	86.514 	113.418 	163.949 	170.490 	244.529 	250.707 	279.570 	306.168 	320.104 	453.675 	455.653 	595.212 	970.117 	1069.790 	1495.979 	1830.401 	2934.165 	3034.486 	3303.293
input_1.dat
1134 	1144 	1144 	1153 	1159 	1165 	1165 	1171 	1183 	1188 	1190 	1191 	1195 	1198 	1198 	1198 	1199 	1201 	1201 	1201 	1201 	1202 	1205 	1209 	1209 	1209 	1212 	1212 	1215 	1215 	1216 	1217 	1218 	1221 	1221 	1222 	1226 	1226 	1230 	1233 	1233 	1233 	1233 	1234 	1237 	1237 	1238 	1239 	1239 	1240 	1243 	1244 	1244 	1245 	1245 	1246 	1246 	1248 	1249 	1253 	1253 	1254 	1255 	1257 	1257 	1266 	1271 	1279 	1281 	1287 	1290 	1314 	1454 	1461 	1468 	1470 	1503 	1534 	1599 	1634 	1758 	3076 	3121 	3131
0.015 	0.020 	0.021 	0.022 	0.024 	0.024 	0.025 	0.028 	0.030 	0.031 	0.032 	0.032 	0.033 	0.033 	0.033 	0.034 	0.034 	0.035 	0.036 	0.036 	0.036 	0.036 	0.037 	0.037 	0.038 	0.038 	0.039 	0.040 	0.040 	0.040 	0.041 	0.041 	0.042 	0.042 	0.044 	0.044 	0.045 	0.046 	0.047 	0.048 	0.050 	0.054 	0.054 	0.054 	0.055 	0.058 	0.059 	0.060 	0.062 	0.066 	0.067 	0.069 	0.069 	0.073 	0.073 	0.075 	0.079 	0.084 	0.087 	0.100 	0.107 	0.121 	0.138 	0.145 	0.154 	0.162 	0.187 	0.212 	0.217 	0.219 	0.228 	0.312 	0.349 	0.350 	0.400 	0.476 	0.690 	0.767 	1.394 	1.681 	2.519 	8.645 	13.913 	100.583
input_2.dat
1929 	1935 	1967 	1973 	2011 	2029 	2034 	2034 	2056 	2065 	2071 	2074 	2075 	2087 	2091 	2093 	2103 	2106 	2109 	2115 	2116 	2117 	2125 	2126 	2128 	2133 	2135 	2140 	2140 	2147 	2150 	2151 	2155 	2160 	2164 	2166 	2167 	2178 	2178 	2184 	2185 	2187 	2187 	2188 	2193 	2195 	2196 	2198 	2199 	2201 	2201 	2203 	2206 	2207 	2211 	2211 	2212 	2212 	2229 	2234 	2238 	2240 	2245 	2246 	2247 	2247 	2248 	2249 	2251 	2252 	2252 	2262 	2331 	2515 	2588 	2653 	2655 	2709 	2713 	2788 	3006 	3121 	3268 	6196 	6271 	7291
0.018 	0.027 	0.029 	0.034 	0.042 	0.043 	0.043 	0.044 	0.045 	0.052 	0.053 	0.054 	0.055 	0.055 	0.055 	0.058 	0.065 	0.068 	0.068 	0.068 	0.075 	0.077 	0.079 	0.079 	0.083 	0.083 	0.083 	0.085 	0.086 	0.087 	0.087 	0.089 	0.092 	0.094 	0.095 	0.095 	0.096 	0.098 	0.104 	0.105 	0.107 	0.112 	0.115 	0.128 	0.130 	0.132 	0.137 	0.159 	0.161 	0.170 	0.175 	0.184 	0.185 	0.187 	0.188 	0.196 	0.209 	0.210 	0.214 	0.255 	0.288 	0.427 	0.464 	0.528 	0.550 	0.562 	0.631 	0.636 	0.728 	0.785 	0.874 	0.965 	1.042 	1.250 	1.256 	1.344 	1.359 	2.034 	2.298 	3.124 	4.065 	5.009 	13.077 	20.736 	135.734 	142.364
input_3.dat
25086 	25389 	25390 	25978 	26023 	26073 	26289 	26319 	26324 	26377 	26570 	26579 	26585 	26590 	26630 	26690 	26692 	26718 	26720 	26720 	26736 	26763 	26767 	26772 	26813 	26823 	26852 	26878 	26957 	26987 	27024 	27076 	27087 	27188 	27198 	27203 	27338 	27373 	27375 	27375 	27438 	27509 	27575 	27578 	27605 	27608 	27629 	27645 	27650 	27753 	27779 	27784 	27798 	27813 	27824 	27836 	27848 	27857 	27877 	27902 	27906 	27907 	27972 	28064 	28085 	28115 	28305 	28424 	28636 	28726 	31139 	31966 	32195 	32233 	32363 	32618 	34059 	34810 	37966 	47238 	62361 	62770 	62918 	67803 	69504
0.228 	0.320 	0.334 	0.461 	0.463 	0.876 	0.906 	0.927 	0.940 	1.071 	1.199 	1.278 	1.289 	1.415 	1.437 	1.830 	1.884 	2.000 	2.042 	2.080 	2.100 	2.215 	2.304 	2.351 	2.373 	2.533 	2.603 	2.744 	2.803 	2.838 	2.852 	2.893 	2.928 	2.929 	2.997 	3.113 	3.134 	3.321 	3.379 	3.554 	3.693 	3.858 	3.901 	4.190 	4.218 	4.304 	4.825 	5.283 	5.867 	6.374 	6.798 	6.995 	7.223 	9.676 	14.544 	14.602 	14.978 	16.176 	17.380 	18.276 	19.833 	20.933 	21.205 	24.103 	25.155 	28.258 	31.070 	31.379 	32.541 	39.477 	47.342 	54.029 	62.110 	65.799 	70.542 	103.840 	161.175 	168.115 	303.154 	361.449 	497.936 	595.053 	911.578 	953.375 	3001.512
input_4.dat
41165 	41174 	41312 	42115 	42226 	42278 	42444 	42524 	42897 	43023 	43067 	43080 	43205 	43267 	43279 	43331 	43454 	43574 	43576 	43588 	43620 	43711 	44141 	44157 	44171 	44255 	44366 	44462 	44480 	44495 	44547 	44560 	44578 	44597 	44618 	44618 	44631 	44658 	44697 	44705 	44715 	44760 	44773 	44778 	44788 	44814 	44819 	44827 	44903 	44913 	44925 	44948 	44958 	44968 	44986 	45024 	45026 	45054 	45067 	45142 	45203 	45292 	45361 	45401 	45406 	45496 	46014 	46210 	47364 	48114 	53210 	54701 	54807 	55774 	56051 	56078 	57484 	64282 	67579 	118060 	118246 	118362 	132952 	133224
0.482 	0.737 	1.055 	1.058 	1.837 	2.003 	2.233 	2.318 	2.328 	2.942 	3.039 	3.051 	3.377 	3.460 	3.867 	4.758 	5.601 	5.744 	5.946 	6.018 	6.033 	6.042 	6.368 	6.643 	7.256 	7.369 	7.495 	7.519 	9.077 	9.223 	9.352 	9.557 	9.590 	9.728 	10.227 	10.989 	11.105 	11.201 	13.225 	13.432 	14.094 	15.874 	17.592 	18.088 	18.823 	19.014 	20.095 	20.502 	21.426 	21.618 	22.764 	23.580 	29.391 	30.598 	42.061 	43.074 	47.369 	53.473 	55.020 	74.417 	75.090 	75.696 	85.855 	101.950 	129.282 	133.725 	135.074 	137.710 	138.985 	141.216 	146.930 	151.677 	174.418 	273.776 	294.970 	447.498 	507.593 	545.715 	572.887 	662.338 	1496.011 	1696.172 	1824.644 	3023.665
input_5.dat
134540	134957	135766	136315	136657	136697	136891	138301	138405	138461	138647	139095	139188	139260	139290	139540	139715	139817	140113	140235	140522	141021	141499	141735	141799	141800	141845	142057	142089	142219	142340	142365	142411	142617	142682	142712	142729	142906	142911	142928	142986	143209	143244	143251	143327	143386	143459	143462	143506	143562	143631	143665	143710	143795	144009	144070	144205	144259	144446	144496	144545	144846	145061	147492	150438	151285	154848	156770	164392	166081	170029	170225	170954	172353	181811	203715	342168	342624	342702	380064	380088
1.886 	2.543 	2.811 	3.317 	6.285 	6.317 	7.970 	8.273 	8.610 	9.283 	9.399 	10.420 	10.692 	16.160 	19.985 	20.553 	21.282 	22.816 	25.744 	25.908 	27.559 	28.057 	28.216 	29.450 	33.969 	35.765 	41.653 	42.477 	43.204 	43.552 	44.123 	45.928 	48.985 	50.517 	52.392 	54.308 	55.510 	62.259 	64.726 	66.568 	73.467 	74.728 	78.035 	78.956 	79.927 	81.394 	95.967 	100.852 	101.394 	105.130 	124.267 	128.915 	166.402 	175.604 	176.311 	226.608 	234.858 	242.705 	245.334 	276.740 	286.501 	295.235 	301.448 	361.937 	442.913 	613.984 	658.637 	870.437 	941.071 	1023.888 	1067.627 	1242.204 	1276.718 	1408.033 	1463.587 	1589.292 	2008.402 	2414.027 	2495.982 	2818.568 	3218.656
